0 0 0 0 0 0 0 0 0 0 0 
0.00644928 0.00644928 0.00644928 0.00644928 0.00644928 0.00644928 0.00644928 0.00644928 0.00644928 0.00644928 0.00644928 
0.0183773 0.0183773 0.0183773 0.0183773 0.0183773 0.0183773 0.0183773 0.0183773 0.0183773 0.0183773 0.0183773 
0.0286348 0.0286348 0.0286348 0.0286348 0.0286348 0.0286348 0.0286348 0.0286348 0.0286348 0.0286348 0.0286348 
0.037313 0.037313 0.037313 0.037313 0.037313 0.037313 0.037313 0.037313 0.037313 0.037313 0.037313 
0.0444969 0.0444969 0.0444969 0.0444969 0.0444969 0.0444969 0.0444969 0.0444969 0.0444969 0.0444969 0.0444969 
0.0502627 0.0502627 0.0502627 0.0502627 0.0502627 0.0502627 0.0502627 0.0502627 0.0502627 0.0502627 0.0502627 
0.0546758 0.0546758 0.0546758 0.0546758 0.0546758 0.0546758 0.0546758 0.0546758 0.0546758 0.0546758 0.0546758 
0.057789 0.057789 0.057789 0.057789 0.057789 0.057789 0.057789 0.057789 0.057789 0.057789 0.057789 
0.0596412 0.0596412 0.0596412 0.0596412 0.0596412 0.0596412 0.0596412 0.0596412 0.0596412 0.0596412 0.0596412 
0.0602559 0.0602559 0.0602559 0.0602559 0.0602559 0.0602559 0.0602559 0.0602559 0.0602559 0.0602559 0.0602559 
0.0596412 0.0596412 0.0596412 0.0596412 0.0596412 0.0596412 0.0596412 0.0596412 0.0596412 0.0596412 0.0596412 
0.057789 0.057789 0.057789 0.057789 0.057789 0.057789 0.057789 0.057789 0.057789 0.057789 0.057789 
0.0546758 0.0546758 0.0546758 0.0546758 0.0546758 0.0546758 0.0546758 0.0546758 0.0546758 0.0546758 0.0546758 
0.0502627 0.0502627 0.0502627 0.0502627 0.0502627 0.0502627 0.0502627 0.0502627 0.0502627 0.0502627 0.0502627 
0.0444969 0.0444969 0.0444969 0.0444969 0.0444969 0.0444969 0.0444969 0.0444969 0.0444969 0.0444969 0.0444969 
0.037313 0.037313 0.037313 0.037313 0.037313 0.037313 0.037313 0.037313 0.037313 0.037313 0.037313 
0.0286348 0.0286348 0.0286348 0.0286348 0.0286348 0.0286348 0.0286348 0.0286348 0.0286348 0.0286348 0.0286348 
0.0183773 0.0183773 0.0183773 0.0183773 0.0183773 0.0183773 0.0183773 0.0183773 0.0183773 0.0183773 0.0183773 
0.00644928 0.00644928 0.00644928 0.00644928 0.00644928 0.00644928 0.00644928 0.00644928 0.00644928 0.00644928 0.00644928 
0 0 0 0 0 0 0 0 0 0 0 
