0 0 0 0 0 0 0 0 0 0 0 
-1.07553e-16 -1.07553e-16 -1.07553e-16 -1.07553e-16 -1.07553e-16 -1.07553e-16 -1.07553e-16 -1.07553e-16 -1.07553e-16 -1.07553e-16 -1.07553e-16 
-2.25514e-16 -2.25514e-16 -2.25514e-16 -2.25514e-16 -2.25514e-16 -2.25514e-16 -2.25514e-16 -2.25514e-16 -2.25514e-16 -2.25514e-16 -2.25514e-16 
-3.46945e-16 -3.46945e-16 -3.46945e-16 -3.46945e-16 -3.46945e-16 -3.46945e-16 -3.46945e-16 -3.46945e-16 -3.46945e-16 -3.46945e-16 -3.46945e-16 
-3.85109e-16 -3.85109e-16 -3.85109e-16 -3.85109e-16 -3.85109e-16 -3.85109e-16 -3.85109e-16 -3.85109e-16 -3.85109e-16 -3.85109e-16 -3.85109e-16 
-1.80411e-16 -1.80411e-16 -1.80411e-16 -1.80411e-16 -1.80411e-16 -1.80411e-16 -1.80411e-16 -1.80411e-16 -1.80411e-16 -1.80411e-16 -1.80411e-16 
-1.66533e-16 -1.66533e-16 -1.66533e-16 -1.66533e-16 -1.66533e-16 -1.66533e-16 -1.66533e-16 -1.66533e-16 -1.66533e-16 -1.66533e-16 -1.66533e-16 
-1.11022e-16 -1.11022e-16 -1.11022e-16 -1.11022e-16 -1.11022e-16 -1.11022e-16 -1.11022e-16 -1.11022e-16 -1.11022e-16 -1.11022e-16 -1.11022e-16 
-3.1225e-16 -3.1225e-16 -3.1225e-16 -3.1225e-16 -3.1225e-16 -3.1225e-16 -3.1225e-16 -3.1225e-16 -3.1225e-16 -3.1225e-16 -3.1225e-16 
-4.09395e-16 -4.09395e-16 -4.09395e-16 -4.09395e-16 -4.09395e-16 -4.09395e-16 -4.09395e-16 -4.09395e-16 -4.09395e-16 -4.09395e-16 -4.09395e-16 
-4.3715e-16 -4.3715e-16 -4.3715e-16 -4.3715e-16 -4.3715e-16 -4.3715e-16 -4.3715e-16 -4.3715e-16 -4.3715e-16 -4.3715e-16 -4.3715e-16 
-2.77556e-16 -2.77556e-16 -2.77556e-16 -2.77556e-16 -2.77556e-16 -2.77556e-16 -2.77556e-16 -2.77556e-16 -2.77556e-16 -2.77556e-16 -2.77556e-16 
-3.1225e-16 -3.1225e-16 -3.1225e-16 -3.1225e-16 -3.1225e-16 -3.1225e-16 -3.1225e-16 -3.1225e-16 -3.1225e-16 -3.1225e-16 -3.1225e-16 
-2.63678e-16 -2.63678e-16 -2.63678e-16 -2.63678e-16 -2.63678e-16 -2.63678e-16 -2.63678e-16 -2.63678e-16 -2.63678e-16 -2.63678e-16 -2.63678e-16 
-1.45717e-16 -1.45717e-16 -1.45717e-16 -1.45717e-16 -1.45717e-16 -1.45717e-16 -1.45717e-16 -1.45717e-16 -1.45717e-16 -1.45717e-16 -1.45717e-16 
5.55112e-17 5.55112e-17 5.55112e-17 5.55112e-17 5.55112e-17 5.55112e-17 5.55112e-17 5.55112e-17 5.55112e-17 5.55112e-17 5.55112e-17 
6.245e-17 6.245e-17 6.245e-17 6.245e-17 6.245e-17 6.245e-17 6.245e-17 6.245e-17 6.245e-17 6.245e-17 6.245e-17 
5.20417e-17 5.20417e-17 5.20417e-17 5.20417e-17 5.20417e-17 5.20417e-17 5.20417e-17 5.20417e-17 5.20417e-17 5.20417e-17 5.20417e-17 
-3.46945e-17 -3.46945e-17 -3.46945e-17 -3.46945e-17 -3.46945e-17 -3.46945e-17 -3.46945e-17 -3.46945e-17 -3.46945e-17 -3.46945e-17 -3.46945e-17 
-7.28584e-17 -7.28584e-17 -7.28584e-17 -7.28584e-17 -7.28584e-17 -7.28584e-17 -7.28584e-17 -7.28584e-17 -7.28584e-17 -7.28584e-17 -7.28584e-17 
0 0 0 0 0 0 0 0 0 0 0 
